Field	Time	Subject1:AnkleAngle:X	Subject1:AnkleAngle:Y	Subject1:AnkleAngle:Z	Subject1:FootProgression:X	Subject1:FootProgression:Y	Subject1:FootProgression:Z	Subject1:HipAngle:X	Subject1:HipAngle:Y	Subject1:HipAngle:Z	Subject1:KneeAngle:X	Subject1:KneeAngle:Y	Subject1:KneeAngle:Z	Subject1:metaAngle:X	Subject1:metaAngle:Y	Subject1:metaAngle:Z	Subject1:metatarsal:X	Subject1:metatarsal:Y	Subject1:metatarsal:Z	Subject1:PelvisRot:X	Subject1:PelvisRot:Y	Subject1:PelvisRot:Z	Subject1:ankle:X	Subject1:ankle:Y	Subject1:ankle:Z	Subject1:caudal:X	Subject1:caudal:Y	Subject1:caudal:Z	Subject1:head:X	Subject1:head:Y	Subject1:head:Z	Subject1:hip:X	Subject1:hip:Y	Subject1:hip:Z	Subject1:knee:X	Subject1:knee:Y	Subject1:knee:Z	Subject1:lumber:X	Subject1:lumber:Y	Subject1:lumber:Z	Subject1:stick:X	Subject1:stick:Y	Subject1:stick:Z	Subject1:toetip:X	Subject1:toetip:Y	Subject1:toetip:Z	Subject1:hipYZY:X	Subject1:hipYZY:Y	Subject1:hipYZY:Z	Subject1:avPEL:X	Subject1:avPEL:Y	Subject1:avPEL:Z
1	0.0000										104.43	3.1806e-015	1.1927e-015										-435.7	541.39	56.817				-295.87	863.77	124.65	-459.53	608.24	78.343	-410.98	599.46	84.237	-474.01	638.72	94.345	-493.92	618.35	117.33	-379.43	499.05	78.557				73.633	5.9121	1.7759
2	0.0040	1.0922	-0.27881	-14.318							94.589	0	1.2921e-015	58.901	-6.0868	-170.03	-370.54	523.52	76.064				-417.33	536.92	59.027				-292.25	868.11	125.11	-460.47	610.27	78.107	-406.3	603.72	83.977	-469.7	638.99	93.487	-491.28	620.26	115.54	-361.4	514.25	78.68				73.633	5.9121	1.7759
3	0.0080	13.695	-1.0675	-6.7474							89.466	5.3009e-016	4.307e-016	53.668	-12.754	-163.81	-367.34	542.62	70.151				-403.16	539.64	58.734				-286.75	870.39	126.82	-458.01	611.34	77.555	-401.83	607.79	82.924	-466.14	640.22	92.256	-487.46	621.02	114.14	-344.75	530.3	77.476				73.633	5.9121	1.7759
4	0.0120	16.661	-0.43225	-2.6552	29.149	-4.8441	68.36	79.71	-50.766	60.379	84.893	7.9514e-016	-1.3252e-016	56.184	-13.028	-162.98	-358.01	555.25	66.618	79.832	-4.7716	51.887	-390.23	544.58	57.471	-495.13	598.64	86.698	-280.29	871.51	129.13	-454.7	612.5	76.722	-397.37	611.58	81.69	-463.15	642.24	90.846	-483.55	621.74	112.78	-329.51	546.89	75.093	-51.221	83.513	68.384	73.633	5.9121	1.7759
5	0.0160	16.056	0.088467	0.084224	29.929	-5.9653	67.641	84.003	-54.091	62.418	80.821	1.3252e-015	-5.9635e-016	62.09	-10.233	-165.86	-348.05	566.75	63.201	83.095	-4.551	55.888	-379.02	552.25	54.926	-491.07	600.11	84.952	-273.31	872.08	131.69	-450.86	614.13	75.494	-393.1	615.27	80.164	-459.85	643.95	89.685	-479.53	622.49	111.5	-316.52	564	71.024	-54.278	86.38	67.195	73.633	5.9121	1.7759
6	0.0200	13.068	0.55826	2.0886	24.036	-3.6621	64.978	82.205	-48.479	59.918	76.881	1.8553e-015	-9.9392e-016	69.218	-5.8223	-170.24	-337.73	577.07	59.641	83.103	-6.4336	52.604	-368.42	560.3	52.001	-487.91	602.57	83.003	-266.99	873.78	133.74	-446.84	615.89	74.174	-389.28	619.25	78.328	-455.78	644.79	88.969	-475.63	623.57	110.23	-305.86	581.02	65.481	-48.781	84.611	65.48	73.633	5.9121	1.7759
7	0.0240	10.639	0.85946	4.2948	17.367	-0.62186	63.926	80.293	-43.716	58.95	73.187	1.8553e-015	-9.9392e-016	74.244	-2.2849	-175.28	-328.11	587.05	55.496	83.311	-7.6451	51.181	-357.72	567.22	49.27	-484.45	604.88	81.264	-261.02	876.21	135.44	-442.48	617.45	73.01	-386.13	623.77	76.052	-451.68	645.75	88.294	-471.89	625.11	108.97	-297.24	597.2	58.928	-44.155	82.824	65.446	73.633	5.9121	1.7759
8	0.0280	8.7268	0.99137	7.257	11.484	2.9802	63.346	77.76	-40.933	57.728	69.08	1.3252e-015	-5.3009e-016	77.304	-0.07099	-180.7	-319.15	596.45	50.717	83.116	-8.2484	51.472	-347.12	573.21	46.53	-480.47	606.86	79.818	-254.18	877.68	137.53	-438.18	619.44	71.862	-383.11	628.34	73.48	-448.08	647.61	87.374	-468.23	626.96	107.77	-290.12	611.72	51.786	-41.645	80.803	65.823	73.633	5.9121	1.7759
9	0.0320	5.5779	0.6802	10.929	9.5878	6.2024	61.883	75.326	-41.719	54.6	64.344	1.0602e-015	-1.9878e-016	80.65	1.415	-183.69	-310.75	604.82	45.143	82.516	-8.2425	53.486	-337.64	579.58	42.975	-475.6	607.95	78.862	-246.47	878.26	139.97	-434.54	622.57	70.494	-379.53	632.32	70.983	-444.59	649.91	86.425	-464.27	628.62	106.81	-283.75	623.73	44.35	-42.784	79.237	64.623	73.633	5.9121	1.7759
10	0.0360	0.79698	-0.2376	14.744	11.632	9.1268	59.656	73.471	-44.548	49.895	60.081	1.3252e-015	-1.9878e-016	84.265	1.484	-179.41	-303.01	611.87	38.554	82.165	-8.0377	55.957	-329.93	586.47	38.264	-470.24	608.63	78.225	-238.47	878.62	142.46	-431.19	626.27	69.051	-375.09	635.57	68.75	-440.87	652.2	85.648	-459.86	629.96	106.13	-277.29	632.4	36.747	-45.896	78.411	61.743	73.633	5.9121	1.7759
11	0.0400	-4.5047	-1.6073	17.428	15.287	12.462	56.848	71.469	-46.41	44.505	57.826	1.8553e-015	-1.3252e-016	85.932	-0.77291	-166.95	-296.17	617.35	31.038	81.804	-7.9916	58.021	-323.93	592.86	32.701	-464.98	609.71	77.595	-230.43	878.87	144.91	-427.02	629.07	67.957	-370.06	638.38	66.649	-437.03	654.6	85.018	-455.44	631.59	105.46	-270.3	637.07	28.863	-48.072	77.303	58.072	73.633	5.9121	1.7759
12	0.0440	-9.3598	-2.965	17.815	18.562	16.201	53.559	68.786	-45.433	39.278	57.905	2.6505e-015	-3.9757e-016	85.602	-4.9525	-149.42	-290.58	621.15	23.184	81.265	-8.5728	58.581	-319.59	598.28	26.604	-460.21	611.8	76.714	-222.18	878.5	147.49	-421.76	630.74	67.304	-364.75	641.05	64.503	-432.82	656.8	84.638	-451.18	633.74	104.71	-263.54	637.94	21.188	-47.565	75.109	54.458	73.633	5.9121	1.7759
13	0.0480	-11.235	-3.3624	16.428	20.475	18.536	50.576	65.962	-43.398	35.293	59.717	3.1806e-015	-1.259e-015	83.552	-9.5197	-134	-286.81	623.6	16.708	81.021	-9.5563	58.194	-316.72	602.07	20.877	-455.5	614.32	75.783	-214.03	877.88	150.08	-415.99	632.18	66.834	-359.21	643.63	62.394	-428.11	658.64	84.537	-446.66	635.82	104.08	-258.56	636.76	15.335	-46.044	72.653	52.073	73.633	5.9121	1.7759
14	0.0520	-7.5103	-2.2537	14.35	21.66	17.07	50.09	65.287	-43.794	35.208	63.173	2.9155e-015	-1.8222e-015	79.937	-11.971	-130.25	-285.35	625.24	13.535	82.651	-10.064	59.065	-315.24	603.58	16.813	-450.29	616.48	75.139	-206.58	877.93	152.37	-410.28	634.11	66.307	-353.63	646.36	60.603	-423.67	661.06	84.358	-441.43	637.3	103.79	-256.28	636.17	12.707	-46.543	72.34	52.655	73.633	5.9121	1.7759
15	0.0560	0.48922	-0.35749	11.953	23.287	12.415	52.713	67.47	-46.877	39.455	68.356	2.1204e-015	-1.3584e-015	76.524	-11.576	-137.68	-285.93	626.33	13.489	86.489	-9.7886	61.855	-315.18	603.43	14.859	-444.79	618.41	74.756	-199.58	878.33	154.54	-404.62	636.37	65.841	-348.41	649.51	59.358	-420.08	664.8	83.832	-435.7	638.48	103.74	-256.24	637.3	12.907	-49.181	74.684	56.091	73.633	5.9121	1.7759
16	0.0600	8.6709	1.4686	10.492	24.092	8.8576	54.772	69.157	-49.384	43.273	74.052	1.0602e-015	-1.4909e-016	74.884	-10.486	-145.31	-287.44	626.84	14.422	89.222	-9.5232	64.311	-316.01	602.69	14.404	-439.53	620.65	74.471	-192.73	878.64	156.79	-399.19	638.93	65.551	-343.72	652.72	58.741	-416.49	668.69	83.406	-430.34	640.39	103.58	-257.24	638.97	13.942	-51.376	76.568	59.342	73.633	5.9121	1.7759
17	0.0640	13.979	3.1598	11.622	22.917	9.4173	53.731	68.252	-50.012	43.478	78.272	2.6505e-016	4.9541e-016	75.575	-11.178	-143.44	-288.67	626.75	14.4	89.026	-10.087	64.257	-316.9	602.03	14.414	-434.86	623.53	74.256	-186.16	879.19	159.05	-394.68	642.34	65.275	-339.32	655.18	58.662	-411.89	671.31	83.669	-425.66	643.29	103.32	-258.39	639.6	14.287	-52.242	76.255	60.521	73.633	5.9121	1.7759
18	0.0680	17.131	5.0914	15.037	19.825	12.662	50.686	65.793	-49.918	41.586	80.423	-2.6505e-016	4.5917e-016	76.837	-13.216	-136.18	-289.19	626.3	13.59	87.39	-11.457	61.772	-317.36	601.33	14.419	-430.61	626.76	74.243	-180.01	880.2	161.15	-391.2	646.47	64.994	-334.82	656.43	58.855	-406.16	672.52	84.742	-421.24	646.35	103.4	-259.28	639.01	13.869	-52.667	74.722	60.625	73.633	5.9121	1.7759
19	0.0720	19.797	7.1794	18.62	16.984	15.181	48.02	64.194	-50.82	40.337	81.557	-2.6505e-016	3.251e-016	77.602	-14.485	-131.35	-289.28	625.78	12.958	86.668	-12.767	59.032	-317.52	600.68	14.373	-426.41	629.81	74.598	-174.14	881.56	163.02	-387.97	650.35	64.98	-330.06	656.67	59.116	-400.26	673.54	86.145	-416.64	648.75	104.14	-259.77	638.19	13.258	-53.845	73.973	60.818	73.633	5.9121	1.7759
20	0.0760	22.365	8.9036	20.44	17.035	15.525	46.355	63.28	-53.087	39.074	83.039	-2.6505e-016	2.6039e-016	78.473	-14.605	-128.9	-289.28	625.39	12.669	87.133	-13.015	58.534	-317.72	600.46	14.238	-421.99	632.47	75.396	-168.42	883.09	164.66	-383.94	652.9	65.63	-325.24	656.51	59.364	-395.43	676.03	87.19	-412.11	650.89	105.35	-260.05	637.72	12.83	-56.314	74.233	60.863	73.633	5.9121	1.7759
21	0.0800	24.902	10.273	20.928	18.643	15.563	42.457	58.962	-54.468	33.119	85.047	-5.3009e-016	2.9662e-016	79.471	-14.587	-126.37	-289.4	625.24	12.489	85.227	-12.259	60.087	-318.06	600.62	14.117	-417.4	634.95	76.547	-162.84	884.82	166.08	-379.18	654.5	66.802	-320.57	656.44	59.552	-391.63	679.95	87.807	-408.57	654.3	106.3	-260.31	637.52	12.57	-59.175	72.416	59.191	73.633	5.9121	1.7759
22	0.0840	27.087	11.586	21.356	19.533	16.81	35.648	51.066	-53.772	22.947	87.055	-2.6505e-016	2.8161e-016	80.831	-14.818	-122.07	-289.57	625.18	12.218	80.337	-11.395	61.414	-318.58	601.06	14.079	-412.86	637.67	77.873	-157.41	886.8	167.32	-374.36	656.25	67.974	-316.03	656.48	59.633	-387.72	683.91	88.477	-405.78	659.01	106.86	-260.55	637.25	12.351	-61.318	67.893	56.089	73.633	5.9121	1.7759
23	0.0880	28.749	13.01	22.199	19.144	18.711	29.226	43.481	-52.248	13.956	88.778	7.9514e-016	5.9635e-016	82.806	-14.791	-115.56	-289.65	624.99	11.877	75.946	-11.094	60.867	-319.17	601.63	14.152	-408.37	640.66	79.282	-152.17	889.14	168.33	-369.73	658.56	68.883	-311.48	656.37	59.58	-382.74	686.69	89.619	-402.35	663.4	107.58	-260.76	636.85	12.13	-62.509	63.458	53.806	73.633	5.9121	1.7759
24	0.0920	30.018	14.41	23.22	19.39	20.115	25.564	38.259	-52.06	8.2583	90.132	2.3854e-015	1.1927e-015	85.394	-14.055	-106.86	-289.6	624.58	11.558	74.209	-10.857	59.86	-319.71	602.22	14.364	-403.42	643.24	80.995	-147.24	892.09	168.96	-365.16	661.15	69.627	-306.96	656.04	59.395	-377.04	688.73	91.077	-397.5	666.46	108.86	-260.97	636.47	11.918	-64.342	61.232	53.295	73.633	5.9121	1.7759
25	0.0960	30.965	15.716	24.247	21.127	20.769	23.849	34.646	-53.461	4.2579	91.38	3.1806e-015	1.259e-015	88.343	-12.6	-95.447	-289.48	624.01	11.296	74.542	-10.219	59.576	-320.15	602.78	14.725	-398.07	645.45	82.978	-142.46	895.56	169.23	-360.31	663.25	70.592	-302.47	655.23	59.28	-371.38	691	92.484	-391.73	668.87	110.49	-261.2	636.2	11.693	-67.318	60.846	53.671	73.633	5.9121	1.7759
26	0.1000	31.611	17.016	25.385	22.675	20.939	23.139	33.192	-55.436	2.6005	92.654	2.6505e-015	6.6262e-016	91.328	-10.538	-81.162	-289.35	623.42	11.073	76.41	-9.7543	58.489	-320.59	603.41	15.175	-393.38	648.47	84.699	-137.41	899.02	169.38	-355.15	664.74	71.861	-298	653.82	59.343	-365.85	693.54	93.78	-385.88	671.47	112.12	-261.47	636.01	11.404	-69.718	61.692	54.281	73.633	5.9121	1.7759
27	0.1040	32.191	17.994	26.122	23.241	20.416	25.204	36.041	-57.967	6.5294	93.722	1.3252e-015	-2.6505e-016	94.185	-8.3217	-65.383	-289.22	622.92	10.846	81.082	-9.9025	55.55	-321.03	604.13	15.721	-389.83	652.82	85.871	-131.88	902.21	169.55	-349.93	665.94	73.253	-293.83	652.48	59.288	-360.31	696.05	95.028	-379.94	673.83	113.77	-261.75	635.91	11.051	-70.452	64.501	56.06	73.633	5.9121	1.7759
28	0.1080	32.798	18.602	26.342	23.45	19.48	29.751	41.117	-61.128	13.933	94.243	0	-1.4578e-015	96.825	-6.714	-50.308	-289.04	622.56	10.648	87.611	-10.202	52.029	-321.29	604.77	16.518	-386.61	657.51	86.865	-126.05	905.32	169.64	-344.84	667.29	74.528	-290.21	651.82	58.849	-354.68	698.5	96.229	-373.74	675.59	115.55	-261.95	635.82	10.731	-70.515	68.589	59.099	73.633	5.9121	1.7759
29	0.1120	33.285	19.21	26.603	23.96	19.099	33.379	43.261	-64.001	18.321	94.087	-7.9514e-016	-2.9155e-015	99.114	-5.9614	-37.808	-288.75	622.29	10.582	92.376	-9.957	49.801	-321.24	605.23	17.631	-382.59	661.26	88.211	-120.24	908.69	169.51	-340.04	669.32	75.453	-287.06	651.8	58.115	-349	701.01	97.344	-367.62	677.33	117.31	-261.98	635.63	10.558	-71.539	71.472	61.985	73.633	5.9121	1.7759
30	0.1160	33.233	20.38	27.964	24.217	19.899	33.647	40.947	-65.941	17.295	93.624	-1.0602e-015	-3.1806e-015	101.3	-5.7573	-28.633	-288.31	622.06	10.646	93.933	-9.2898	48.659	-320.86	605.55	18.997	-377.86	664.29	89.806	-114.46	912.29	169.22	-335.32	671.73	76.15	-283.87	651.56	57.567	-343.31	703.56	98.36	-361.94	679.75	118.82	-261.83	635.3	10.547	-73.635	72.233	63.747	73.633	5.9121	1.7759
31	0.1200	32.412	22.123	30.692	23.811	21.638	31.492	36.514	-67.322	13.523	93.204	-7.9514e-016	-1.0602e-015	103.89	-6.0843	-23.492	-287.73	621.93	10.674	94.016	-8.594	47.725	-320.15	605.74	20.552	-373.01	667.3	91.296	-108.62	915.92	168.84	-330.44	673.91	76.853	-280.39	650.72	57.377	-337.69	706.15	99.233	-356.6	682.71	120.09	-261.56	634.94	10.622	-76.026	72.082	64.786	73.633	5.9121	1.7759
32	0.1240	31.06	23.691	33.768	23.082	23.991	28.797	31.645	-68.073	9.3388	92.862	0	1.5903e-015	107.11	-6.7398	-20.955	-287.03	621.85	10.589	93.957	-7.953	46.83	-319.09	605.82	22.292	-368.17	670.38	92.602	-102.67	919.55	168.31	-325.28	675.44	77.728	-276.81	649.73	57.331	-332.14	708.79	99.959	-351.32	685.78	121.22	-261.23	634.59	10.717	-78.097	71.573	65.761	73.633	5.9121	1.7759
33	0.1280	29.341	24.815	36.823	22.06	26.868	25.79	26.681	-68.044	5.2025	92.556	1.0602e-015	2.1204e-015	110.63	-6.8052	-17.933	-286.21	621.65	10.515	93.317	-7.4575	45.655	-317.82	606.03	24.127	-363.25	673.36	93.799	-96.61	923.09	167.59	-320.12	676.93	78.576	-273.24	648.7	57.383	-326.4	711.08	100.7	-346.03	688.86	122.17	-260.86	634.25	10.813	-79.838	70.563	66.793	73.633	5.9121	1.7759
34	0.1320	27.455	25.45	39.683	20.36	30.24	22.241	21.846	-66.971	1.4287	92.156	2.1204e-015	2.6505e-016	114.09	-6.0284	-13.784	-285.32	621.42	10.496	91.494	-7.2258	43.866	-316.52	606.64	25.878	-358.21	676.18	94.924	-90.427	926.41	166.7	-315.21	679.04	79.117	-269.81	647.94	57.467	-320.26	712.68	101.61	-340.74	692	122.91	-260.51	633.93	10.873	-81.216	68.728	67.954	73.633	5.9121	1.7759
35	0.1360	25.418	25.745	42.545	18.089	33.862	18.464	17.39	-65.412	-1.7469	91.63	2.9155e-015	-1.0602e-015	117.41	-4.9355	-9.7542	-284.46	621.33	10.449	89.23	-7.1705	41.767	-315.17	607.47	27.543	-353.12	678.91	95.929	-84.15	929.49	165.69	-310.41	681.5	79.442	-266.53	647.45	57.572	-313.94	713.91	102.54	-335.43	695.1	123.53	-260.23	633.73	10.84	-82.366	66.638	69.298	73.633	5.9121	1.7759
36	0.1400	23.392	25.734	45.204	16.805	37.082	15.703	12.931	-64.584	-5.1359	91.072	2.9155e-015	-5.3009e-016	120.65	-3.53	-6.3372	-283.6	621.3	10.369	87.749	-6.984	40.203	-313.75	608.41	29.148	-348.05	681.71	96.781	-77.824	932.36	164.55	-305.53	683.79	79.753	-263.36	647.01	57.698	-307.94	715.62	103.22	-330.11	698.11	124.09	-260.03	633.63	10.729	-83.954	65.37	70.613	73.633	5.9121	1.7759
37	0.1440	21.842	25.086	46.62	17.629	39.587	15.121	8.3553	-64.5	-8.974	90.496	2.3854e-015	2.3008e-031	123.78	-1.2825	-2.5099	-282.65	621.08	10.387	87.254	-6.5901	39.282	-312.32	609.59	30.664	-343.08	684.7	97.463	-71.433	934.99	163.23	-300.52	685.74	80.169	-260.33	646.69	57.803	-302.36	718.01	103.54	-324.85	701.11	124.58	-259.82	633.49	10.644	-86.01	64.906	71.778	73.633	5.9121	1.7759
38	0.1480	20.634	23.936	47.122	19.409	41.857	15.876	4.2423	-64.568	-12.383	89.867	1.8553e-015	-7.9514e-016	126.92	1.4633	1.4873	-281.66	620.6	10.54	87.163	-6.1749	38.394	-310.84	610.86	32.18	-338.2	687.85	98.008	-64.847	937.2	161.78	-295.44	687.43	80.676	-257.38	646.44	57.958	-296.9	720.57	103.71	-319.64	704.08	124.97	-259.54	633.21	10.656	-88.003	64.716	72.93	73.633	5.9121	1.7759
39	0.1520	19.317	22.676	47.791	20.383	44.477	16.521	0.85675	-64.424	-14.691	89.003	1.5903e-015	-1.5903e-015	130.14	3.5677	4.0127	-280.76	620.11	10.712	87.123	-5.8783	37.232	-309.18	611.84	33.827	-333.35	691	98.461	-57.927	938.84	160.24	-290.34	688.89	81.22	-254.52	646.31	58.168	-291.35	722.92	103.89	-314.42	706.91	125.31	-259.25	632.87	10.721	-89.611	64.469	74.368	73.633	5.9121	1.7759
40	0.1560	17.656	21.597	49.283	20.206	47.535	16.694	-2.3334	-64.361	-16.299	87.745	1.7228e-015	-7.9514e-016	133.39	4.4492	4.6654	-280.03	619.82	10.829	87.413	-5.6993	35.981	-307.29	612.37	35.656	-328.5	694.09	98.812	-50.704	940.25	158.53	-285.24	690.17	81.755	-251.77	646.29	58.355	-285.74	725.13	104.09	-309.16	709.48	125.68	-259.02	632.61	10.739	-91.104	64.441	76.281	73.633	5.9121	1.7759
41	0.1600	15.724	20.689	51.624	19.288	50.87	16.443	-6.0012	-64.689	-18.068	86.174	1.4578e-015	3.2869e-032	136.68	3.5205	3.5925	-279.59	620.05	10.808	88.314	-5.5691	34.892	-305.27	612.75	37.567	-323.71	697.22	99.015	-43.293	941.82	156.59	-280.18	691.46	82.244	-249.15	646.46	58.403	-280.26	727.52	104.18	-303.9	711.91	126.06	-258.87	632.42	10.68	-92.776	64.911	78.54	73.633	5.9121	1.7759
42	0.1640	13.584	19.792	54.831	17.239	54.492	15.146	-10	-65.331	-20.029	84.538	5.3009e-016	-5.3009e-016	140.52	-0.14569	0.68933	-279.57	621.17	10.497	89.629	-5.4987	33.834	-303.3	613.43	39.367	-318.99	700.5	99.058	-35.687	943.38	154.56	-275.27	693.07	82.578	-246.68	647	58.24	-274.92	730.05	104.17	-298.67	714.31	126.35	-258.76	632.23	10.601	-94.466	65.789	80.911	73.633	5.9121	1.7759
43	0.1680	11.237	18.869	58.898	13.374	58.374	11.743	-13.926	-65.868	-21.994	83.082	-3.9757e-016	-1.3252e-015	145.26	-6.1686	-3.1442	-279.94	623.15	9.8852	90.681	-5.4944	32.686	-301.47	614.58	40.935	-314.24	703.76	99.047	-27.776	944.35	152.72	-270.53	695.17	82.632	-244.26	647.77	57.939	-269.57	732.43	104.15	-293.45	716.75	126.51	-258.66	632	10.561	-96.101	66.678	83.182	73.633	5.9121	1.7759
44	0.1720	9.09	17.743	62.639	9.7783	62.187	8.3769	-17.569	-66.302	-23.877	81.925	-5.3009e-016	-7.9514e-016	150.12	-11.867	-6.0325	-280.32	625.22	9.2816	91.356	-5.595	31.336	-299.74	616.12	42.27	-309.46	707.04	98.97	-19.563	944.38	151.24	-265.87	697.46	82.456	-241.81	648.57	57.662	-264.18	734.61	104.17	-288.25	719.25	126.57	-258.57	631.8	10.55	-97.528	67.523	85.194	73.633	5.9121	1.7759
45	0.1760	7.6752	16.271	64.366	9.7074	65.519	8.6587	-20.941	-66.618	-25.642	80.873	1.6435e-032	1.0602e-015	153.54	-14.286	-6.8354	-280.26	626.39	9.138	91.902	-5.7562	29.915	-297.99	617.79	43.502	-304.67	710.41	98.792	-11.199	943.69	150.06	-261.15	699.52	82.262	-239.3	649.4	57.505	-258.82	736.8	104.13	-283.11	721.85	126.53	-258.56	631.69	10.503	-98.794	68.299	87.014	73.633	5.9121	1.7759
46	0.1800	7.0375	14.562	63.626	13.925	68.243	13.361	-24.117	-66.367	-27.267	79.665	2.6505e-016	2.6505e-015	154.71	-12.877	-5.9469	-279.61	626.37	9.6228	92.111	-5.8659	28.734	-296.13	619.44	44.754	-299.78	713.6	98.626	-2.8075	942.58	149.06	-256.35	701.36	82.189	-236.81	650.37	57.439	-253.49	738.99	104.05	-277.98	724.49	126.42	-258.6	631.64	10.381	-100.22	68.622	88.834	73.633	5.9121	1.7759
47	0.1840	6.7696	12.759	61.39	16.827	70.795	16.745	-26.21	-64.587	-27.596	78.294	2.6505e-016	2.3854e-015	154.37	-9.379	-4.3795	-278.62	625.67	10.529	90.727	-5.9539	27.743	-294.16	621.16	46.035	-294.8	716.51	98.536	5.5925	941.17	148.16	-251.64	703.42	82.143	-234.38	651.65	57.372	-248.13	741.06	104.04	-273.04	727.54	126.08	-258.65	631.58	10.21	-101.93	67.417	91.1	73.633	5.9121	1.7759
48	0.1880	6.5142	10.939	58.5	17.903	72.725	17.975	-27.853	-61.53	-27.403	76.857	2.6505e-016	-1.6435e-031	153.56	-5.1467	-2.4541	-277.49	624.83	11.643	88.017	-5.932	27.182	-292.15	623.09	47.322	-289.77	719.18	98.536	14.019	939.42	147.33	-247.12	706.06	81.944	-232.01	653.37	57.211	-242.87	743.27	104.02	-268.35	731.04	125.53	-258.68	631.46	10.036	-104.04	65.086	93.649	73.633	5.9121	1.7759
49	0.1920	5.9925	9.0311	55.59	26.66	73.173	26.731	-31.159	-59.863	-29.223	75.496	2.6505e-016	-2.3854e-015	152.77	-0.65348	-0.22262	-276.33	624.17	12.825	86.934	-5.8187	27.018	-290.02	625.3	48.613	-284.86	722.07	98.466	22.473	937.29	146.55	-242.74	709.16	81.564	-229.58	655.49	57.03	-237.89	746.02	103.84	-263.58	734.28	125.11	-258.75	631.42	9.8326	-106.11	64.528	95.592	73.633	5.9121	1.7759
50	0.1960	5.0258	6.9407	53.446	46.165	72.963	46.64	-36.032	-60.439	-32.77	74.025	0	-2.3854e-015	151.99	2.9125	1.6251	-275.26	624.04	13.892	88.358	-5.744	26.852	-287.59	627.61	49.981	-280.06	725.3	98.262	30.953	934.81	145.81	-238.28	712.26	81.152	-227.03	657.93	56.923	-233.08	749.09	103.56	-258.53	736.9	124.97	-258.93	631.57	9.5167	-107.74	66.408	96.947	73.633	5.9121	1.7759
51	0.2000	3.5403	4.6264	52.533	69.847	73.507	71.133	-40.208	-61.628	-35.474	72.446	-3.9757e-016	-5.3009e-016	151.19	4.5801	2.5313	-274.32	624.58	14.738	90.308	-5.7592	26.397	-284.7	629.86	51.445	-275.25	728.52	98.065	39.454	932.05	145.03	-233.58	714.99	80.879	-224.22	660.48	56.972	-228.15	751.9	103.37	-253.34	739.22	124.97	-259.17	631.9	9.0936	-108.93	68.668	98.311	73.633	5.9121	1.7759
52	0.2040	1.5766	2.0903	52.208	88.358	74.829	90.312	-41.512	-61.385	-35.173	71.166	-4.6383e-016	7.9514e-016	150.36	4.5642	2.5844	-273.39	625.58	15.466	90.375	-5.8415	25.618	-281.42	632.26	52.853	-270.32	731.52	97.977	47.952	929.06	144.14	-228.6	717.3	80.8	-220.97	662.96	57.198	-222.96	754.22	103.35	-248.3	741.89	124.87	-259.3	632.11	8.7592	-109.88	68.979	100.08	73.633	5.9121	1.7759
53	0.2080	-0.6656	-0.65906	51.375	102.19	74.97	104.1	-41.324	-60.102	-33.773	70.456	-1.1596e-016	1.3252e-015	149.49	3.6613	2.1338	-272.2	626.63	16.339	89.189	-5.8229	25.051	-277.83	635.06	54.081	-265.25	734.22	98.031	56.414	925.82	143.07	-223.5	719.54	80.803	-217.2	665.53	57.513	-217.72	756.43	103.38	-243.37	744.82	124.71	-259.1	631.96	8.7974	-110.79	68.012	101.65	73.633	5.9121	1.7759
54	0.2120	-3.2413	-3.66	49.884	114.2	72.114	115.42	-42.511	-60.095	-34.51	70.39	3.81e-016	1.5903e-015	148.64	2.4374	1.4538	-270.62	627.5	17.52	89.232	-5.7224	24.787	-273.84	638.24	55.149	-260.21	737.03	98.066	64.815	922.26	141.83	-218.5	722.24	80.719	-212.88	668.36	57.881	-212.64	759	103.32	-238.26	747.51	124.69	-258.5	631.41	9.3469	-111.14	68.383	102.11	73.633	5.9121	1.7759
55	0.2160	-6.3344	-7.0643	48.459	122.56	66.788	122.84	-45.458	-61.98	-37.566	70.753	3.4787e-016	1.0602e-015	147.62	1.0934	0.6514	-268.68	628.38	18.989	90.944	-5.6124	24.576	-269.2	641.61	56.163	-255.36	740.23	97.969	73.125	918.38	140.42	-213.72	725.66	80.481	-207.99	671.61	58.338	-207.71	762.02	103.12	-232.97	750	124.76	-257.61	630.81	10.248	-110.55	70.621	101.49	73.633	5.9121	1.7759
56	0.2200	-9.7794	-11.101	47.944	129.06	61.029	128.31	-48.3	-64.782	-40.892	71.503	-9.9392e-017	2.6505e-016	145.93	-0.83135	-0.74493	-266.59	629.72	20.612	93.102	-5.4209	24.451	-263.83	645.03	57.178	-250.61	743.6	97.819	81.297	914.24	138.78	-209.03	729.45	80.198	-202.5	675.16	58.941	-202.86	765.31	102.8	-227.62	752.57	124.76	-256.66	630.65	11.192	-109.23	73.442	100.28	73.633	5.9121	1.7759
57	0.2240	-13.28	-15.596	48.215	135.75	56.29	134.01	-48.654	-67.39	-41.794	72.793	-1.905e-016	5.3009e-016	143.22	-3.6091	-3.0529	-264.44	631.86	22.294	94.503	-5.172	24.304	-257.9	648.57	58.178	-245.84	746.95	97.676	89.277	909.94	136.86	-204.28	733.06	80.083	-196.37	678.9	59.656	-197.97	768.57	102.43	-222.33	755.44	124.58	-255.74	631.21	12.028	-107.37	75.355	99.131	73.633	5.9121	1.7759
58	0.2280	-16.622	-20.083	48.687	142.04	52.319	139.52	-46.978	-70.031	-40.438	74.602	2.6841e-016	1.8553e-015	139.4	-6.2978	-5.6526	-261.94	634.55	24.154	95.487	-4.9511	23.975	-251.54	652.19	59.224	-241.07	750.39	97.496	97.045	905.55	134.68	-199.48	736.46	80.146	-189.71	682.87	60.385	-193.01	771.76	102.05	-217.06	758.46	124.37	-254.66	632.32	12.859	-104.92	76.631	98.343	73.633	5.9121	1.7759
59	0.2320	-19.421	-24.258	49.187	146.44	48.317	143.14	-45.077	-73.322	-38.83	76.868	5.6063e-016	2.3854e-015	134.43	-8.7202	-9.3956	-258.73	637.59	26.229	96.788	-4.717	23.654	-244.84	656.05	60.307	-236.32	754.05	97.227	104.64	901.16	132.27	-194.84	740.24	80.095	-182.69	687.16	61.065	-188.13	775.16	101.57	-211.79	761.55	124.16	-253.03	633.59	13.808	-102	78.365	97.554	73.633	5.9121	1.7759
60	0.2360	-21.163	-27.906	50.182	149.16	44.858	145.81	-40.528	-76.604	-34.432	79.087	5.8238e-017	1.3252e-015	128.05	-10.174	-12.926	-254.28	640.67	28.5	97.63	-4.4738	23.404	-237.68	659.93	61.548	-231.61	757.99	96.824	112.11	896.91	129.71	-190.45	744.81	79.722	-175.49	691.79	61.768	-183.35	778.88	100.94	-206.77	765.09	123.72	-250.55	634.81	14.739	-98.842	80.145	96.913	73.633	5.9121	1.7759
61	0.2400	-22.262	-30.193	50.755	151.11	43.177	148.91	-29.695	-77.816	-23.548	81.101	-5.7073e-016	1.3252e-016	120.03	-7.892	-7.6162	-248.07	643.34	30.929	95.842	-4.3645	22.965	-230.08	663.74	62.959	-226.93	762.29	96.188	119.48	892.83	127.07	-186.07	749.8	79.132	-168.14	696.45	62.738	-178.59	782.78	100.2	-202.44	769.88	122.79	-247.14	635.91	15.312	-95.533	79.913	96.571	73.633	5.9121	1.7759
62	0.2440	-23.844	-29.471	47.837	149.89	42.302	148.65	-12.005	-76.418	-6.127	83.593	-6.6417e-016	-5.3009e-016	109.74	0.39916	15.957	-239.89	645.42	33.381	91.663	-4.5981	21.849	-222.64	668.31	64.063	-222.29	766.97	95.239	126.76	888.95	124.45	-181.38	754.5	78.659	-160.65	700.95	64.19	-173.64	786.47	99.46	-198.57	775.65	121.55	-242.82	636.84	15.333	-91.782	77.555	95.96	73.633	5.9121	1.7759
63	0.2480	-25.87	-25.172	40.429	142.99	40.09	140.42	7.9334	-74.771	12.603	86.953	-2.8601e-016	-7.9514e-016	97.028	12.377	55.444	-230.09	647.31	35.724	88.207	-5.0995	20.293	-215.84	674.28	64.374	-217.64	771.77	94.054	133.95	885.22	121.89	-176.25	758.59	78.485	-153.12	705.53	66.121	-168.43	789.94	98.747	-194.36	781.12	120.46	-237.45	637.63	15.048	-87.779	75.868	94.401	73.633	5.9121	1.7759
64	0.2520	-26.981	-19.002	31.419	132.91	36.22	125.91	24.292	-75.113	26.415	90.843	2.1535e-016	-3.9757e-016	83.861	20.391	96.567	-219.44	650.01	37.823	87.265	-5.367	19.76	-209.55	681.3	63.802	-212.84	776.25	92.855	141.02	881.64	119.41	-170.9	762.49	78.437	-145.63	710.57	68.324	-163.46	793.96	97.799	-189.57	785.79	119.54	-230.53	638.12	15.611	-84.719	76.803	91.604	73.633	5.9121	1.7759
65	0.2560	-26.287	-13.474	24.345	124.04	32.139	111.34	34.98	-77.215	33.728	94.262	7.1231e-016	3.9757e-016	73.543	19.666	129.7	-208.34	653.88	39.897	87.689	-5.0842	21.097	-203	688.13	62.816	-207.88	780.29	91.773	147.94	878.23	117.05	-165.68	766.82	78.219	-138.21	716.32	70.554	-159.1	799.08	96.442	-184.66	790.29	118.57	-221.35	638	18.601	-83.255	79.492	88.166	73.633	5.9121	1.7759
66	0.2600	-24.231	-9.671	19.832	118.85	31.331	101.96	37.803	-76.859	32.795	96.764	1.0933e-015	8.614e-016	67.848	11.887	155.43	-196.75	658.58	42.269	84.73	-4.384	23.637	-195.63	694.05	61.832	-202.85	784.19	90.767	154.7	874.95	114.86	-160.74	771.83	77.677	-130.79	722.68	72.743	-155.19	805.02	94.767	-180.66	796.33	117.07	-209.57	637.45	24.536	-82.555	79.33	84.2	73.633	5.9121	1.7759
67	0.2640	-21.182	-6.9067	16.332	114.92	33.884	96.676	35.634	-72.442	26.795	98.725	9.9392e-016	7.7029e-016	65.378	1.9066	175.95	-184.41	663.71	44.961	77.617	-3.7154	25.702	-187.45	699.26	60.876	-197.83	788.23	89.761	161.31	871.69	112.9	-155.91	777.08	76.991	-123.29	729.29	74.883	-151.07	810.74	93.134	-177.5	803.81	115.09	-195.43	637.53	32.28	-81.035	75.201	79.779	73.633	5.9121	1.7759
68	0.2680	-16.784	-4.4391	12.68	108.45	35.598	91.304	34.804	-67.227	22.442	100.54	2.6505e-016	4.307e-016	63.701	-5.8342	190.45	-171.1	668.94	47.779	70.926	-3.3806	26.335	-178.71	704.1	59.836	-192.84	792.49	88.724	167.78	868.39	111.2	-150.86	781.84	76.462	-115.67	735.89	76.813	-146.32	815.51	91.79	-173.97	810.77	113.21	-179.58	639.43	39.967	-78.002	71.104	75.491	73.633	5.9121	1.7759
69	0.2720	-11.135	-2.3248	8.7463	99.115	32.834	84.41	40.218	-64.279	24.926	102.28	-3.9757e-016	-6.212e-018	62.004	-10.449	198.25	-156.93	674.24	50.503	68.633	-3.3247	25.998	-169.51	708.69	58.663	-187.76	796.77	87.67	174.17	865.05	109.76	-145.48	785.87	76.144	-107.97	742.4	78.339	-141.1	819.53	90.686	-169.22	815.76	111.87	-162.44	643.15	46.641	-74.086	70.75	72.082	73.633	5.9121	1.7759
70	0.2760	-5.1582	-0.90879	5.0186	88.813	25.258	77.397	52.214	-64.087	34.837	103.52	3.2869e-032	-3.1681e-016	60.451	-12.895	201.33	-142.12	679.59	53.104	71.264	-3.3383	25.507	-159.68	712.72	57.519	-182.45	800.84	86.665	180.52	861.81	108.59	-139.86	789.46	75.894	-100.23	748.91	79.405	-135.58	823.2	89.695	-163.22	818.69	111.18	-144.37	647.99	52.311	-70.194	74.737	70.109	73.633	5.9121	1.7759
71	0.2800	0.24128	-0.27891	1.8766	79.605	16.953	72.516	64.336	-63.614	45.383	103.87	1.3252e-015	2.4848e-017	59.163	-13.962	202	-126.94	685.06	55.604	74.701	-3.2287	25.276	-149.07	715.9	56.578	-176.86	804.63	85.774	186.88	858.73	107.68	-134.08	792.9	75.619	-92.472	755.47	80.09	-129.9	826.81	88.704	-156.93	821.16	110.77	-125.75	653.6	57.149	-66.555	79.216	68.913	73.633	5.9121	1.7759
72	0.2840	4.863	-0.20007	-0.4217	71.17	10.263	69.793	73.005	-61.523	52.782	103.27	2.1204e-015	1.0747e-015	57.971	-14.405	201.7	-111.64	690.91	57.836	76.945	-3.0827	25.009	-137.66	718.35	55.877	-171.06	808.33	84.996	193.25	855.71	107.03	-128.15	796.33	75.31	-84.695	761.99	80.448	-124.07	830.25	87.789	-150.77	823.94	110.4	-106.89	659.97	61.236	-62.848	82.258	67.981	73.633	5.9121	1.7759
73	0.2880	8.7416	-0.34219	-1.7696	62.741	5.5048	68.068	77.935	-58.502	56.715	101.86	1.3252e-015	1.9402e-015	57.164	-14.657	201.42	-96.389	697.04	59.622	78.05	-3.0744	24.495	-125.59	720.33	55.388	-165.09	811.92	84.365	199.67	852.64	106.65	-122.08	799.81	74.948	-76.889	768.26	80.542	-118.03	833.36	87.142	-144.62	826.9	110.02	-87.974	666.99	64.601	-59.084	83.952	67.14	73.633	5.9121	1.7759
74	0.2920	12.511	-0.14597	-1.518	53.874	2.64	66.786	80.578	-55.427	58.648	99.755	0	1.7394e-015	56.134	-16.006	201.97	-81.307	703.65	60.619	78.48	-3.1301	24.12	-112.98	721.99	55.109	-158.93	815.1	83.997	206.16	849.59	106.49	-115.9	803.35	74.574	-69.027	774.11	80.496	-111.81	836.2	86.82	-138.29	829.77	109.71	-69.074	674.58	67.253	-55.81	84.803	66.5	73.633	5.9121	1.7759
75	0.2960	16.724	0.61731	0.47649	44.332	0.91455	65.686	82.601	-53.102	60.295	97.19	-1.0602e-015	5.9635e-016	54.292	-18.955	203.49	-66.46	711.04	60.665	79.157	-3.0495	24.307	-99.908	723.4	55.012	-152.54	817.77	83.969	212.75	846.73	106.5	-109.57	806.66	74.364	-61.103	779.52	80.369	-105.49	839.02	86.719	-131.61	832.34	109.66	-50.316	683.1	69.054	-53.346	85.627	66.263	73.633	5.9121	1.7759
76	0.3000	20.592	1.4819	2.8249	35.313	0.32852	63.891	82.619	-50.938	59.75	94.476	-1.8553e-015	-7.2888e-016	53.403	-21.721	205.84	-51.949	718.52	60.175	78.83	-2.8052	24.998	-86.508	724.82	54.983	-145.95	820.11	84.25	219.45	844.13	106.66	-103.02	809.45	74.491	-53.124	784.53	80.117	-99.108	841.96	86.782	-124.91	835.18	109.72	-31.851	692.75	69.922	-51.243	85.309	65.451	73.633	5.9121	1.7759
77	0.3040	23.016	2.0242	4.3891	27.943	0.69316	60.753	79.951	-48.363	55.988	91.713	-1.8553e-015	-1.3252e-015	55.32	-22.71	209.13	-37.806	725.26	59.514	76.603	-2.5168	25.738	-72.904	726.49	54.88	-139.21	822.25	84.78	226.28	841.72	106.95	-96.215	811.76	74.908	-45.098	789.16	79.675	-92.575	844.73	87.056	-118.45	838.52	109.75	-13.868	703.24	69.876	-48.988	83.166	63.381	73.633	5.9121	1.7759
78	0.3080	23.48	2.2646	5.1901	22.694	1.2748	57.583	76.595	-45.98	51.453	88.708	-7.9514e-016	-1.0602e-015	60.309	-21.641	213.43	-23.991	730.92	58.673	74.076	-2.1478	26.368	-59.213	728.49	54.569	-132.29	824.04	85.548	233.3	839.49	107.29	-89.252	813.97	75.441	-37.075	793.41	79.072	-85.846	847.07	87.492	-112	841.54	110	3.3294	714.07	68.83	-46.939	80.588	61.058	73.633	5.9121	1.7759
79	0.3120	22.628	2.5971	6.3088	18.735	1.5496	56.333	75.375	-44.782	49.803	85.229	5.3009e-016	-5.3009e-016	66.601	-19.653	219.04	-10.415	736.05	57.209	73.866	-1.6654	27.043	-45.539	730.77	53.92	-125.23	825.56	86.457	240.53	837.49	107.62	-82.247	816.38	75.99	-29.154	797.31	78.406	-78.977	849.18	87.966	-105.19	843.41	110.79	19.463	724.97	66.547	-45.805	79.635	60.185	73.633	5.9121	1.7759
80	0.3160	20.808	3.0076	8.1499	15.59	1.6477	57.417	76.703	-44.906	51.69	81.198	7.9514e-016	-1.3252e-016	73.176	-16.828	225.92	2.9229	740.88	54.967	76.518	-1.3007	27.754	-32.03	733.27	52.838	-118.16	827.24	87.342	247.99	835.76	107.89	-75.255	819.02	76.572	-21.399	800.74	77.774	-72.082	851.49	88.522	-97.958	844.37	112.04	34.303	735.64	62.797	-45.721	80.604	61.145	73.633	5.9121	1.7759
81	0.3200	17.81	3.1929	10.377	13.511	2.5688	58.448	77.645	-45.486	53.175	76.83	5.3009e-016	1.9878e-016	80.003	-12.636	233.2	15.878	745.02	52.04	79.34	-1.2718	28.382	-18.923	735.89	51.262	-111.1	829.19	88.204	255.64	834.3	108.11	-68.242	821.57	77.322	-13.799	803.46	77.265	-65.186	854	89.362	-90.664	845.47	113.32	47.664	745.43	57.547	-46.177	81.362	62.044	73.633	5.9121	1.7759
82	0.3240	13.826	2.9821	12.702	12.313	5.0396	57.125	75.879	-45.402	50.989	72.71	5.3009e-016	7.2888e-016	86.052	-7.9751	239.67	28.174	748.45	48.285	79.943	-1.5516	28.809	-6.6277	738.62	49.111	-103.94	830.97	89.204	263.49	833.02	108.38	-61.153	823.72	78.389	-6.3417	805.59	76.86	-58.201	856.13	90.617	-83.532	847.16	114.46	59.541	753.43	51.006	-46.358	80.106	61.127	73.633	5.9121	1.7759
83	0.3280	9.0797	2.2354	14.846	12.292	8.7615	53.55	71.842	-44.599	45.372	69.461	-3.2869e-032	1.0602e-015	90.187	-4.2467	244.84	39.372	751.19	43.579	78.501	-1.9709	29.113	4.2444	741.64	46.259	-96.533	832.19	90.414	271.56	831.83	108.71	-53.986	825.65	79.723	0.97902	807.47	76.542	-51.014	857.54	92.206	-76.477	849.01	115.62	70.089	758.62	43.581	-46.21	77.124	58.314	73.633	5.9121	1.7759
84	0.3320	4.149	1.0691	16.758	13.485	13.123	49.29	67.544	-43.575	38.781	67.661	-1.0602e-015	9.2766e-016	91.872	-2.6807	249.41	48.841	753.4	37.939	76.748	-2.4647	29.245	13.13	745.07	42.673	-88.975	833.07	91.725	279.9	830.82	109.04	-46.782	827.59	81.151	8.2464	809.29	76.339	-43.587	858.48	93.964	-69.335	850.58	116.98	79.311	760.75	35.731	-45.945	73.904	54.673	73.633	5.9121	1.7759
85	0.3360	0.019512	-0.13622	18.568	14.724	17.415	45.76	65.041	-42.287	33.985	67.69	-1.3252e-015	6.6262e-016	91.482	-3.8507	254.14	55.937	755.44	31.629	76.362	-3.0529	28.616	19.803	748.72	38.546	-81.476	834.2	93.052	288.51	830.11	109.28	-39.577	829.27	82.58	15.551	810.89	76.273	-35.911	859.06	95.82	-61.895	851.56	118.59	86.639	760.65	27.921	-45.12	71.826	51.377	73.633	5.9121	1.7759
86	0.3400	-2.2348	-0.88002	20.398	15.097	20.801	43.276	64.758	-41.028	31.795	69.363	-2.6505e-016	4.307e-016	90.749	-7.573	260.36	60.348	757.61	25.169	77.858	-3.5513	27.134	24.286	752.22	34.163	-74.061	835.67	94.451	297.34	829.7	109.41	-32.374	830.39	83.951	22.878	811.86	76.168	-28.001	859.29	97.665	-54.021	851.82	120.33	91.255	759.96	21.036	-43.89	71.274	49.004	73.633	5.9121	1.7759
87	0.3440	-1.7959	-0.71702	21.714	15.14	22.33	41.763	65.592	-40.641	31.459	72.132	1.5903e-015	4.307e-016	91.441	-12.348	269.39	62.197	759.86	19.355	80.913	-3.7696	25.434	26.563	755.26	29.731	-66.542	837.17	95.934	306.33	829.48	109.51	-25.111	831.03	85.11	30.11	811.88	75.56	-19.94	859.34	99.335	-45.732	851.4	122.06	92.925	759.89	16.129	-43.304	71.743	47.912	73.633	5.9121	1.7759
88	0.3480	1.8875	0.62595	21.85	15.497	21.24	40.955	66.208	-41.716	31.772	75.402	2.9155e-015	1.9878e-016	92.948	-15.466	277.89	61.982	761.83	15.088	84.847	-3.8189	23.842	26.59	757.7	25.411	-58.768	838.5	97.327	315.43	829.48	109.59	-17.69	831.41	85.835	37.049	810.59	74.097	-11.779	859.28	100.76	-37.164	850.48	123.66	92.364	760.56	13.42	-44.244	72.484	48.094	73.633	5.9121	1.7759
89	0.3520	8.6823	3.0059	20.655	15.957	17.631	40.328	65.769	-43.897	31.654	78.797	2.6505e-015	-7.6201e-016	93.287	-15.247	281.38	60.377	763.13	12.856	88.736	-3.8691	22.232	24.702	759.46	21.498	-50.76	839.63	98.512	324.64	829.87	109.64	-10.106	831.26	86.062	43.407	807.7	71.788	-3.4933	858.97	101.97	-28.491	849.33	125.04	90.659	761.35	12.309	-46.54	72.856	49.004	73.633	5.9121	1.7759
90	0.3560	17.067	5.8867	18.974	15.875	13.009	39.145	63.925	-46.312	30.261	81.951	1.5903e-015	-1.2921e-015	92.065	-12.713	281.13	58.191	763.64	12.28	91.552	-3.9053	20.457	21.863	760.5	18.448	-42.611	840.32	99.57	333.94	830.61	109.68	-2.4796	830.32	85.902	48.939	803.43	68.987	4.9739	858.08	103.04	-19.841	848.1	126.17	88.619	761.66	12.123	-49.394	72.46	49.83	73.633	5.9121	1.7759
91	0.3600	24.558	8.8248	18.317	15.185	9.5264	37.406	61.247	-48.797	28.049	84.388	7.9514e-016	-8.614e-016	91.273	-10.408	282.92	56.251	763.48	12.34	93.28	-3.803	18.642	19.317	760.83	16.651	-34.414	840.47	100.59	343.25	831.49	109.76	5.0432	828.85	85.542	53.686	798.42	66.202	13.565	856.66	103.96	-11.246	846.79	127.03	86.733	761.43	12.441	-52.508	71.686	50.565	73.633	5.9121	1.7759
92	0.3640	29.346	11.662	19.412	14.174	8.4797	35.883	59.059	-51.31	26.811	86.014	7.9514e-016	-2.6505e-016	92.739	-9.6449	290.48	55.063	762.79	12.209	94.855	-3.5969	16.692	17.906	760.57	16.171	-26.265	840.48	101.54	352.51	832.37	109.9	12.399	827.27	85.24	57.988	793.43	63.874	22.151	855.01	104.72	-2.6688	845.39	127.65	85.311	760.85	12.843	-55.507	71.344	51.911	73.633	5.9121	1.7759
93	0.3680	31.475	14.266	21.717	13.117	9.5424	34.95	57.941	-53.603	27.248	87.12	7.9514e-016	-2.6505e-016	96.053	-9.7026	301.96	54.646	761.8	11.764	96.731	-3.4015	14.403	17.655	760.06	16.704	-18.187	840.73	102.37	361.68	833.33	110.09	19.635	825.9	85.179	62.186	788.95	62.187	30.698	853.29	105.38	5.9184	843.97	128.1	84.471	760.06	12.95	-57.99	71.676	53.992	73.633	5.9121	1.7759
94	0.3720	32.242	16.469	24.104	12.565	11.498	34.288	56.994	-55.643	28.044	88.053	0	-1.4578e-015	99.94	-9.5158	314.53	54.677	760.82	11.297	98.49	-3.1342	12.147	18.049	759.79	17.826	-10.083	841.1	103.19	370.79	834.49	110.27	26.881	824.82	85.349	66.418	785.13	60.914	39.252	851.72	105.96	14.504	842.74	128.48	84.045	759.28	12.819	-60.164	72.149	56.249	73.633	5.9121	1.7759
95	0.3760	32.671	18.403	26.128	12.634	13.601	33.1	54.788	-57.446	27.392	88.945	-1.0602e-015	-3.5781e-015	103.73	-8.8991	325.94	54.829	760.14	10.998	99.472	-2.6663	10.361	18.644	759.96	19.257	-1.8422	841.31	104.08	379.87	835.8	110.46	34.285	823.91	85.577	70.634	781.88	59.663	47.881	850.4	106.43	23.094	841.85	128.94	83.791	758.74	12.655	-62.466	72.048	58.185	73.633	5.9121	1.7759
96	0.3800	32.964	20.408	28.174	12.765	15.855	30.765	50.641	-58.909	24.592	89.683	-1.8553e-015	-5.3009e-015	107.23	-8.264	334.16	54.966	759.85	10.855	99.431	-2.0306	8.9623	19.339	760.42	20.884	6.5664	841.34	104.98	388.93	837.19	110.72	41.907	822.97	85.659	74.673	778.83	58.225	56.618	849.23	106.77	31.74	841.33	129.55	83.597	758.43	12.509	-65.075	71.068	59.77	73.633	5.9121	1.7759
97	0.3840	33.191	22.359	30.111	12.825	18.19	27.742	44.856	-59.878	20.077	90.146	-1.8553e-015	-5.0359e-015	110.38	-7.1497	340.73	55.116	759.58	10.894	98.583	-1.359	7.62	20.19	760.94	22.617	15.122	841.31	105.79	397.98	838.68	111.07	49.657	821.72	85.516	78.384	775.7	56.66	65.453	848.04	106.99	40.505	841.07	130.21	83.456	758.17	12.403	-67.887	69.37	61.206	73.633	5.9121	1.7759
98	0.3880	33.075	24.161	32.143	12.932	20.663	23.757	37.021	-60.056	13.349	90.255	-1.0602e-015	-2.9155e-015	113.37	-5.5433	346.93	55.322	759.25	11.053	96.79	-0.76341	6.7	21.2	761.45	24.371	23.664	840.73	106.42	406.99	840.33	111.53	57.406	820.17	85.186	81.692	772.47	55.15	74.359	846.7	107.1	49.421	840.89	130.75	83.359	757.9	12.354	-71.339	66.842	62.606	73.633	5.9121	1.7759
99	0.3920	32.17	26.02	34.956	12.707	23.43	18.659	27.781	-59.672	5.0882	89.956	0	-1.3252e-015	116.47	-4.4349	351.31	55.621	759.2	11.159	94.455	-0.21285	6.1922	22.348	761.98	26.137	32.182	839.58	106.93	415.93	842.27	112.06	65.116	818.51	84.777	84.622	769.32	53.832	83.325	845.16	107.12	58.478	840.57	131.11	83.265	757.64	12.329	-75.455	63.919	64.108	73.633	5.9121	1.7759
100	0.3960	30.638	27.768	38.269	11.985	26.307	14.304	19.725	-59.643	-1.7116	89.23	9.2766e-016	-1.0602e-015	119.62	-3.9165	353.48	56.047	759.51	11.179	92.993	0.40254	5.0592	23.684	762.68	27.982	40.958	838.87	107.4	424.76	844.39	112.64	72.85	816.89	84.392	87.292	766.47	52.732	92.353	843.48	107.04	67.641	840.02	131.27	83.145	757.49	12.273	-79.275	61.948	65.996	73.633	5.9121	1.7759
101	0.4000	28.947	28.835	41.14	11.332	29.164	12.439	14.04	-60.42	-5.5807	88.121	1.3252e-015	-1.0602e-015	122.86	-3.2702	354.85	56.565	759.96	11.191	93.182	1.0901	2.7974	25.308	763.66	29.974	50.135	839.15	107.83	433.43	846.25	113.32	80.689	815.28	84.073	89.866	764.12	51.797	101.44	841.72	106.86	76.875	839.18	131.32	83.023	757.51	12.169	-82.271	61.569	68.445	73.633	5.9121	1.7759
102	0.4040	27.395	28.794	42.948	11.515	32.101	13.222	9.7666	-61.723	-7.552	86.771	1.0602e-015	-1.0602e-015	126.29	-1.8937	357.09	57.123	760.35	11.296	94.596	1.7362	-0.14158	27.296	764.9	32.137	59.554	839.93	108.16	441.99	847.57	114.12	88.638	813.59	83.814	92.504	762.28	50.998	110.58	839.84	106.62	86.147	837.96	131.32	82.933	757.67	12.045	-84.73	62.324	71.37	73.633	5.9121	1.7759
103	0.4080	25.656	28.006	44.42	12.482	35.567	14.741	5	-62.895	-9.8912	85.391	3.9757e-016	-1.3252e-015	130.01	-0.61474	359.11	57.697	760.9	11.476	95.989	2.1962	-2.8679	29.684	766.32	34.444	68.903	840.23	108.33	450.52	848.36	115.01	96.647	811.85	83.576	95.335	760.76	50.382	119.72	837.68	106.38	95.426	836.36	131.35	82.88	757.9	11.93	-87.341	63.175	74.456	73.633	5.9121	1.7759
104	0.4120	23.591	26.803	45.974	14.021	39.563	16.304	-0.38063	-63.768	-12.948	84.097	-6.6262e-017	-2.1204e-015	133.81	0.0095696	359.93	58.343	761.7	11.739	96.955	2.4869	-5.2508	32.521	767.84	36.833	78.147	839.96	108.42	459.08	848.7	115.92	104.67	810.18	83.332	98.451	759.47	50.002	128.85	835.29	106.21	104.69	834.55	131.39	82.849	758.15	11.83	-90.079	63.904	77.427	73.633	5.9121	1.7759
105	0.4160	21.452	24.954	47.024	16.751	43.716	18.885	-6.0641	-64.336	-16.511	82.791	-1.3252e-016	-2.3854e-015	137.6	0.43825	360.35	59.135	762.49	12.125	97.76	2.7369	-7.2723	35.887	769.35	39.266	87.397	839.41	108.55	467.66	848.52	116.84	112.71	808.6	83.113	101.93	758.48	49.861	137.98	832.96	106.12	113.91	832.71	131.42	82.829	758.39	11.738	-92.836	64.674	80.171	73.633	5.9121	1.7759
106	0.4200	19.187	22.316	47.376	21.178	48.05	22.869	-12.466	-64.357	-20.961	81.24	-3.2869e-032	-2.1204e-015	141.64	0.60869	360.49	60.09	763.12	12.585	98.404	2.988	-8.598	39.839	770.63	41.763	96.63	838.56	108.75	476.25	847.84	117.74	120.79	806.99	83.003	105.85	757.87	49.927	147.12	830.92	106.08	123.09	830.96	131.44	82.832	758.57	11.657	-95.894	65.242	82.786	73.633	5.9121	1.7759
107	0.4240	16.601	18.982	47.3	27.049	52.771	28.329	-18.885	-63.817	-25.338	79.34	4.6383e-016	-1.0602e-015	146	0.21396	360.24	61.219	763.56	13.107	98.881	3.158	-9.4987	44.359	771.44	44.313	105.83	837.63	108.97	484.89	846.85	118.56	128.97	805.25	83.091	110.3	757.53	50.213	156.27	829.19	106.15	132.25	829.42	131.48	82.875	758.65	11.607	-99.063	65.539	85.51	73.633	5.9121	1.7759
108	0.4280	13.495	15.135	47.238	34.197	57.973	35.162	-24.339	-62.749	-28.654	77.262	9.111e-016	2.6505e-016	150.46	-0.95835	359.64	62.528	763.94	13.688	98.953	3.1504	-10.34	49.406	771.81	46.79	115.01	836.82	109.2	493.6	845.58	119.3	137.29	803.43	83.399	115.33	757.23	50.774	165.41	827.62	106.38	141.37	828.19	131.59	82.963	758.6	11.597	-102.05	65.508	88.319	73.633	5.9121	1.7759
109	0.4320	9.8196	10.887	47.269	43.63	63.29	44.115	-28.598	-61.199	-30.927	75.2	9.5251e-016	2.6505e-016	154.7	-2.8133	358.89	64.031	764.32	14.338	98.408	2.9794	-11.109	54.967	771.97	49.036	124.19	836.08	109.46	502.38	843.86	119.99	145.79	801.73	83.858	120.95	756.91	51.611	174.55	826.19	106.78	150.48	827.33	131.84	83.083	758.45	11.622	-104.83	65.121	90.981	73.633	5.9121	1.7759
110	0.4360	5.7111	6.3322	46.985	57.207	67.92	57.181	-31.976	-59.272	-32.416	73.028	5.0939e-016	2.6505e-016	158.16	-4.96	358.16	65.777	764.63	15.151	97.385	2.6913	-11.727	61.024	772	51.02	133.39	835.42	109.73	511.25	841.62	120.65	154.51	800.27	84.44	127.16	756.76	52.645	183.68	824.98	107.32	159.61	826.84	132.24	83.242	758.26	11.691	-107.57	64.442	93.6	73.633	5.9121	1.7759
111	0.4400	1.3095	1.6191	46.083	76.012	71.188	75.903	-34.548	-56.933	-32.86	70.487	-1.4909e-016	5.3009e-016	160.24	-7.0185	357.55	67.843	764.72	16.284	95.974	2.2985	-12.28	67.533	771.76	52.845	142.62	834.97	110.01	520.28	838.97	121.27	163.48	798.94	85.217	133.91	756.88	53.836	192.84	824.03	107.94	168.83	826.71	132.75	83.496	758.09	11.876	-110.36	63.4	96.595	73.633	5.9121	1.7759
112	0.4440	-3.3493	-3.1546	44.905	99.101	72.773	99.209	-36.314	-54.068	-32.38	67.691	-4.5969e-016	7.9514e-016	160.66	-8.8124	356.91	70.307	764.53	17.831	93.909	1.8802	-12.643	74.466	771.13	54.625	151.87	834.53	110.32	529.49	836.12	121.8	172.67	797.66	86.202	141.12	757.06	55.276	202.04	823.27	108.63	178.15	826.96	133.32	83.962	757.9	12.29	-113.34	61.875	99.93	73.633	5.9121	1.7759
113	0.4480	-8.2252	-8.0513	44.065	123.08	72.318	123.05	-37.746	-50.974	-32.068	65.092	-3.2717e-016	5.3009e-016	159.43	-10.284	356.11	73.238	764.16	19.771	91.212	1.5188	-12.461	81.859	770.2	56.408	161.11	833.79	110.72	538.78	833.1	122.24	182.02	796.62	87.285	148.75	756.97	57.09	211.3	822.7	109.36	187.54	827.43	133.9	84.777	757.62	13.005	-116.49	60.237	102.91	73.633	5.9121	1.7759
114	0.4520	-13.22	-13.165	43.731	143.13	69.469	142.46	-39.444	-48.566	-32.847	63.004	-1.6565e-017	-2.6505e-016	156.52	-11.231	355.09	76.738	763.7	22.067	88.619	1.1174	-11.805	89.758	769.13	58.148	170.32	832.85	111.08	548.02	829.8	122.57	191.5	796.05	88.352	156.85	756.57	59.277	220.64	822.34	110.07	196.93	827.88	134.47	86.087	757.26	14.002	-119.32	59.347	104.82	73.633	5.9121	1.7759
115	0.4560	-18.187	-18.572	43.682	156.26	64.534	155.13	-41.401	-47.645	-34.52	61.357	3.7272e-017	-5.3009e-016	151.91	-11.669	353.73	80.973	763.18	24.692	86.991	0.57981	-11.257	98.229	767.88	59.796	179.57	832.19	111.3	556.99	825.87	122.92	201.09	795.8	89.47	165.55	756	61.732	230.05	822.15	110.78	206.29	828.16	135.03	88.04	756.85	15.188	-121.06	59.674	105.49	73.633	5.9121	1.7759
116	0.4600	-22.759	-24.286	43.938	163.29	58.757	162.46	-42.949	-48.225	-36.276	60.123	-3.4787e-016	-1.0602e-015	145.61	-12.021	351.56	86.179	762.58	27.557	86.346	0.050761	-11.203	107.37	766.31	61.389	188.98	832.14	111.49	565.69	821.24	123.33	210.75	795.66	90.725	174.93	755.27	64.363	239.52	822.13	111.44	215.63	828.43	135.53	90.742	756.35	16.415	-121.32	60.815	105.03	73.633	5.9121	1.7759
117	0.4640	-26.552	-29.794	44.43	166.94	53.583	166.85	-43.432	-49.717	-37.545	59.617	-8.117e-016	-2.3854e-015	137.47	-11.631	349.52	92.634	761.71	30.535	85.858	-0.26391	-11.455	117.23	764.52	63.028	198.62	832.61	111.76	574.42	816.5	123.63	220.51	795.78	91.99	185	754.33	67.102	249.05	822.39	111.99	225.03	829.03	135.88	94.2	755.65	17.465	-120.25	62.015	103.61	73.633	5.9121	1.7759
118	0.4680	-29.622	-33.893	44.308	168.56	49.801	168.64	-42.758	-51.492	-38.153	60.144	-9.9392e-016	-3.4456e-015	127.37	-8.7394	352.03	100.62	760.14	33.537	84.811	-0.396	-11.625	127.8	762.79	64.803	208.41	833.46	111.98	583.42	812.02	123.75	230.4	796.38	93.089	195.74	753.21	69.901	258.68	823.12	112.34	234.56	830.29	135.99	98.337	754.6	18.122	-118.41	62.847	101.62	73.633	5.9121	1.7759
119	0.4720	-32.307	-35.359	42.498	167.7	47.541	166.63	-41.114	-53.231	-38.008	61.67	-6.9575e-016	-3.048e-015	115.6	-2.5202	367.23	110.31	757.35	36.529	83.027	-0.56673	-11.608	139.04	761.36	66.698	218.24	834.66	111.9	592.63	807.65	123.81	240.46	797.37	93.972	207.11	752	72.766	268.43	824.35	112.41	244.3	832.26	135.81	103.15	752.86	18.413	-116.2	63.272	99.443	73.633	5.9121	1.7759
120	0.4760	-34.634	-33.988	38.959	164.27	46.617	160.8	-38.638	-54.776	-37.049	63.819	-1.3252e-016	-1.4578e-015	102.66	4.9098	400.64	121.67	753.16	39.505	80.625	-0.8681	-11.469	150.9	760.13	68.653	228.07	836.16	111.41	601.84	802.94	123.95	250.66	798.4	94.707	219.09	750.8	75.768	278.26	825.98	112.19	254.23	834.82	135.31	108.87	750.02	19.202	-113.81	63.324	97.312	73.633	5.9121	1.7759
121	0.4800	-36.305	-30.617	34.574	159.3	46.531	152.68	-35.518	-55.975	-35.528	66.284	3.3131e-016	6.6262e-017	89.373	9.7613	445.9	134.4	747.87	42.697	77.65	-1.1778	-11.072	163.32	758.84	70.621	237.87	837.7	110.64	611.04	797.94	124.18	260.99	799.35	95.293	231.66	749.64	78.962	288.12	827.87	111.69	264.22	837.74	134.48	115.97	745.66	21.997	-111.41	63.009	95.177	73.633	5.9121	1.7759
122	0.4840	-37.118	-26.117	29.887	153.81	46.487	143.42	-32.07	-56.738	-33.863	69.052	7.2888e-016	7.2888e-016	77.11	10.252	488.28	148.15	741.99	46.553	74.153	-1.3346	-10.137	176.21	757.45	72.551	247.62	838.91	109.75	620.38	793.07	124.38	271.41	800.38	95.646	244.77	748.61	82.264	298.01	829.9	110.94	274.13	840.79	133.32	124.92	739.63	27.672	-109.17	62.389	92.945	73.633	5.9121	1.7759
123	0.4880	-37.135	-21.273	25.217	148.23	46.01	134	-28.457	-57.171	-32.046	71.956	9.9392e-016	7.6201e-016	67.536	7.0016	517.53	162.75	735.94	51.216	70.471	-1.3003	-8.6558	189.49	755.84	74.436	257.3	839.73	108.84	629.92	788.49	124.45	281.89	801.59	95.72	258.37	747.82	85.423	307.91	832.03	110	283.89	843.76	131.94	136.03	732.11	35.7	-107.05	61.617	90.737	73.633	5.9121	1.7759
124	0.4920	-36.425	-16.968	21.244	142.3	45.249	125.47	-24.298	-57.75	-29.363	74.507	9.2766e-016	6.4812e-016	61.533	1.8786	534.36	178.24	729.9	56.28	67.246	-1.2247	-7.1257	203.1	753.64	76.322	266.94	840.4	107.92	639.51	784.07	124.43	292.38	802.95	95.549	272.38	747.38	88.181	317.81	834.04	109.01	293.58	846.4	130.56	149.44	723.47	44.543	-104.57	61.055	88.709	73.633	5.9121	1.7759
125	0.4960	-34.707	-13.547	18.351	135.12	44.169	117.69	-19.215	-59.144	-25.382	76.463	5.3009e-016	3.5409e-016	58.342	-3.0959	544.18	194.78	723.78	61.166	65.246	-1.2429	-6.0085	217.02	750.76	78.168	276.59	841.11	106.98	648.9	779.36	124.5	302.87	804.28	95.236	286.72	747.3	90.457	327.63	835.74	108.09	303.25	848.42	129.36	165.26	714.12	52.813	-101.32	61.303	86.777	73.633	5.9121	1.7759
126	0.5000	-31.721	-10.635	16.082	126.11	42.341	109.6	-13.093	-61.454	-20.243	78.049	2.6505e-016	4.1413e-017	56.604	-6.5377	549.56	212.44	717.48	65.659	64.694	-1.3194	-5.3	231.28	747.47	79.843	286.24	841.75	106.11	658.03	774.26	124.72	313.36	805.38	94.902	301.29	747.42	92.322	337.36	837.01	107.29	312.93	849.6	128.46	183.43	704.39	59.861	-97.412	62.6	84.748	73.633	5.9121	1.7759
127	0.5040	-27.592	-7.817	13.831	115.6	39.643	100.9	-5.6749	-63.96	-13.866	79.52	3.9757e-016	5.5908e-017	55.655	-8.1039	551.62	231.17	711.13	69.809	65.051	-1.385	-4.8487	245.9	744	81.25	295.92	842.07	105.39	667.13	769.3	124.89	323.84	806.17	94.611	315.99	747.55	93.838	347.12	837.73	106.64	322.58	850	127.85	203.72	694.51	65.667	-93.18	64.476	82.621	73.633	5.9121	1.7759
128	0.5080	-22.841	-5.2905	11.615	104.79	36.499	92.775	3.0714	-65.787	-6.1548	80.742	3.9757e-016	3.1681e-016	55.559	-8.6077	552.33	250.83	705.06	73.59	65.558	-1.4301	-4.5467	260.87	740.28	82.389	305.62	841.95	104.86	676.48	765.09	124.75	334.33	806.69	94.354	330.69	747.61	95.015	356.96	837.87	106.15	332.22	849.84	127.45	225.84	684.71	70.652	-88.924	66.237	80.613	73.633	5.9121	1.7759
129	0.5120	-18.053	-3.4456	9.8674	94.681	33.451	86.246	12.241	-66.695	2.0592	81.365	1.3252e-016	4.6383e-016	56.357	-9.068	553.38	271.2	699.55	76.833	65.865	-1.4417	-4.1661	276.09	736.06	83.295	315.32	841.33	104.51	685.96	761.41	124.33	344.81	806.96	94.113	345.3	747.7	95.892	366.86	837.58	105.81	341.86	849.29	127.2	249.58	675.43	75.126	-84.986	67.598	78.871	73.633	5.9121	1.7759
130	0.5160	-13.425	-2.2087	8.7475	85.438	30.726	80.933	20.245	-66.898	9.0719	81.326	0	3.6444e-016	57.683	-10.028	555.5	292.08	694.75	79.327	65.994	-1.3557	-3.3602	291.54	731.39	83.906	325.01	840.18	104.32	695.1	757.3	123.93	355.27	806.91	93.924	359.73	747.92	96.538	376.71	837.15	105.55	351.53	848.49	127.05	274.76	667.32	79.073	-81.697	68.607	77.282	73.633	5.9121	1.7759
131	0.5200	-9.0397	-1.3448	8.092	76.971	28.281	76.327	26.699	-66.509	14.389	80.854	1.3252e-016	2.6505e-016	59.42	-11.548	558.94	313.29	690.63	80.993	66.008	-1.1843	-2.1429	307.26	726.55	84.143	334.69	838.68	104.22	703.83	752.58	123.63	365.67	806.48	93.844	373.97	748.26	97.006	386.48	836.75	105.3	361.19	847.59	126.99	301.05	660.8	82.406	-78.957	69.308	75.679	73.633	5.9121	1.7759
132	0.5240	-4.925	-0.69302	7.8344	69.075	25.866	72.356	32.761	-65.756	19.184	80.25	2.6505e-016	2.6505e-016	61.797	-13.559	564.02	334.65	687.17	81.858	66.211	-1.0353	-0.87891	323.35	721.74	84.002	344.33	837.06	104.18	712.51	747.91	123.27	376	805.7	93.902	388.05	748.55	97.355	396.22	836.26	105.12	370.78	846.53	127.06	328.05	656.04	85.051	-76.328	70.004	74.022	73.633	5.9121	1.7759
133	0.5280	-1.0645	-0.10994	8.0852	61.364	23.281	68.969	39.277	-64.888	24.394	79.567	1.3252e-016	2.6505e-016	64.722	-15.953	570.62	356.05	684.47	81.961	66.958	-0.96235	0.20922	339.84	716.99	83.548	353.9	835.39	104.23	721.58	743.89	122.63	386.25	804.67	94.096	401.97	748.76	97.623	405.9	835.58	105.11	380.28	845.1	127.28	355.34	653.19	86.867	-73.556	71.052	72.393	73.633	5.9121	1.7759
134	0.5320	2.4448	0.47871	8.9914	53.471	20.86	65.92	45.546	-63.754	29.392	78.505	0	1.9878e-016	67.607	-18.428	577.7	377.39	682.63	81.334	67.979	-0.94312	1.1572	356.71	712.19	82.854	363.43	833.58	104.44	730.95	740.23	121.78	396.43	803.5	94.401	415.7	749.08	97.765	415.52	834.63	105.3	389.73	843.33	127.67	382.5	652.19	87.632	-70.657	72.177	70.814	73.633	5.9121	1.7759
135	0.5360	5.4037	1.0783	10.357	45.353	18.995	62.925	50.529	-61.937	33.115	76.897	0	-4.9304e-032	70.171	-20.252	583.99	398.56	681.54	80.084	68.713	-0.99138	1.89	373.93	707.41	81.894	372.93	831.64	104.82	740.34	736.38	120.83	406.52	802.34	94.783	429.14	749.55	97.732	425.09	833.36	105.73	399.17	841.44	128.19	409.16	652.68	87.162	-67.605	72.802	69.159	73.633	5.9121	1.7759
136	0.5400	7.5215	1.6094	11.66	37.639	17.525	59.971	53.996	-59.448	35.237	74.881	-2.6505e-016	-6.6262e-017	72.853	-20.454	588.92	419.4	680.85	78.412	69.018	-1.1212	2.337	391.45	702.98	80.567	382.42	829.66	105.37	749.87	732.56	119.74	416.52	801.26	95.246	442.25	749.99	97.536	434.63	831.79	106.4	408.58	839.55	128.88	435.01	654.25	85.407	-64.433	72.778	67.293	73.633	5.9121	1.7759
137	0.5440	8.8508	2.048	12.768	30.752	16.086	57.264	56.392	-56.787	36.212	72.632	-5.3009e-016	-6.6262e-017	75.684	-18.926	592.17	439.81	680.51	76.362	69.323	-1.3047	2.6414	409.2	699.09	78.798	391.88	827.56	106.1	759.63	728.98	118.5	426.39	800.13	95.847	455.01	750.19	97.235	444.17	829.98	107.29	417.95	837.49	129.81	459.82	656.82	82.399	-61.373	72.473	65.304	73.633	5.9121	1.7759
138	0.5480	9.7595	2.4587	13.86	24.347	14.434	55.145	58.614	-54.231	37.117	70.239	-2.6505e-016	-1.3252e-016	78.096	-16.339	593.06	459.69	680.74	73.814	70.288	-1.5474	2.7942	426.98	695.72	76.51	401.32	825.33	106.97	769.74	725.87	117.09	436.1	798.74	96.658	467.39	750.16	96.843	453.72	827.89	108.39	427.25	834.96	130.99	483.33	660.48	78.27	-58.402	72.4	63.49	73.633	5.9121	1.7759
139	0.5520	10.373	2.8107	14.887	18.219	12.621	53.536	60.902	-51.569	38.21	67.865	2.6505e-016	1.9878e-016	80.007	-13.196	592.16	478.85	681.6	70.68	71.957	-1.8564	2.6759	444.53	692.94	73.58	410.8	822.94	107.92	780.05	723.07	115.6	445.62	796.98	97.714	479.4	750.02	96.355	463.24	825.4	109.62	436.49	831.84	132.35	505.28	665.11	73.296	-55.263	72.551	61.818	73.633	5.9121	1.7759
140	0.5560	10.506	3.0063	15.781	12.814	10.828	52.053	63.1	-48.735	38.991	65.798	5.3009e-016	1.1927e-015	82.108	-9.805	592.16	496.98	682.9	66.906	74.048	-2.1966	2.2304	461.5	691.04	69.853	420.32	820.37	108.91	790.33	720.24	114.22	455.02	794.92	98.972	491.05	749.74	95.832	472.74	822.41	110.92	445.81	828.19	133.79	525.37	670.36	67.853	-51.952	72.766	59.908	73.633	5.9121	1.7759
141	0.5600	10.085	3.0537	16.743	8.8032	9.2822	50.118	64.902	-46.06	38.598	64.435	5.3009e-016	2.1866e-015	85.085	-6.5517	595.6	513.54	684.52	62.384	76.244	-2.4623	1.6172	477.36	690.29	65.194	429.9	817.54	109.92	800.37	717.15	113.1	464.36	792.65	100.31	502.36	749.09	95.352	482.23	819.02	112.17	455.32	824.18	135.22	543.24	675.82	62.228	-48.886	72.955	57.257	73.633	5.9121	1.7759
142	0.5640	9.6423	3.1963	18.171	6.197	8.1526	47.038	65.927	-43.905	36.346	64.173	5.3009e-016	1.8553e-015	88.425	-4.3114	602.49	528.04	686.51	56.978	78.124	-2.5324	1.1436	491.49	690.72	59.626	439.49	814.33	110.96	810.05	713.73	112.3	473.68	790.16	101.52	513.34	747.78	94.815	491.78	815.37	113.27	465.02	819.97	136.51	558.51	681.03	56.502	-46.512	72.941	53.569	73.633	5.9121	1.7759
143	0.5680	10.028	3.8457	20.341	3.9324	7.5248	42.859	66.24	-42.233	32.997	65.181	2.6505e-016	3.3131e-016	90.748	-4.1445	610.96	540.23	689	50.664	79.726	-2.4346	0.7455	503.36	691.84	53.384	449.1	810.81	111.93	819.77	710.63	111.59	482.99	787.34	102.43	524.02	745.64	93.888	501.41	811.49	114.15	474.8	815.59	137.59	570.96	685.49	50.449	-44.768	72.652	49.475	73.633	5.9121	1.7759
144	0.5720	11.402	5.1024	23.041	0.57799	7.4856	37.24	65.516	-39.84	28.991	67.248	-5.3009e-016	-8.117e-016	91.462	-5.8285	619.24	549.97	691.94	43.497	80.604	-2.4747	-0.52518	512.77	693.42	46.626	458.81	807.24	112.73	829.97	708.56	110.72	492.33	784	102.92	534.28	742.65	92.13	510.93	806.8	114.98	484.6	811.08	138.43	580.64	689.02	43.586	-42.496	71.417	45.127	73.633	5.9121	1.7759
145	0.5760	13.127	6.6927	25.93	-3.3698	8.0143	30.292	63.619	-36.805	24.229	69.942	-1.3252e-015	1.6565e-017	91.157	-8.0905	625.99	557.2	695.09	35.472	80.88	-2.705	-2.7868	519.78	695.57	39.296	468.63	803.71	113.3	840.84	707.76	109.58	501.69	780.02	102.83	543.74	738.66	89.211	520.34	801.25	115.75	494.46	806.39	139.04	587.68	691.71	35.431	-39.836	69.115	40.537	73.633	5.9121	1.7759
146	0.5800	14.76	8.3354	28.48	-5.2041	8.8206	24.22	61.272	-35.657	19.586	72.826	-1.5903e-015	2.0541e-015	91.475	-9.4655	634.38	561.84	697.98	26.781	82.385	-2.6978	-4.5516	524.43	698.37	31.398	478.49	800.12	113.66	851.93	707.43	108.41	511.04	775.51	102	552.04	733.69	84.927	530.05	796.07	116.09	504.34	801.34	139.44	591.93	693.79	26.375	-39.248	67.076	37.136	73.633	5.9121	1.7759
147	0.5840	17.749	10.474	29.566	-3.702	8.5611	20.675	58.648	-37.673	15.837	75.722	-2.1204e-015	3.1971e-015	92.323	-9.2043	646.68	563.94	700.1	19.001	85.78	-2.2574	-5.1031	526.65	701.51	23.614	488.37	796.35	113.81	862.55	706.27	107.59	520.32	770.81	100.28	558.91	727.95	79.197	540.19	791.76	115.85	514.17	795.83	139.62	593.45	695.12	18.52	-42.081	65.911	36.222	73.633	5.9121	1.7759
148	0.5880	23.632	13.528	28.507	-0.7036	6.5873	19.498	55.666	-41.152	13.672	78.889	-2.6505e-015	2.0375e-015	92.18	-8.6435	656.22	563.9	701.11	14.113	90.074	-1.7131	-5.5027	526.61	704.34	17.518	498.32	792.62	113.63	872.77	704.18	107.05	529.22	765.7	97.851	564.28	721.64	72.59	550.43	787.63	115.19	523.94	790.08	139.51	592.8	694.79	13.965	-46.661	65.074	37.936	73.633	5.9121	1.7759
149	0.5920	30.353	16.89	26.653	1.4397	4.6172	18.344	52.043	-43.409	12.071	82.241	-1.5903e-015	-1.1264e-015	91.477	-10.047	655.93	562.57	700.78	12.146	92.961	-1.3656	-7.0427	525.35	706.19	14.368	508.37	789.18	113.14	882.92	701.69	106.57	537.53	759.95	95.364	568.3	714.98	66.539	560.35	782.77	114.39	533.85	784.67	138.95	590.61	691.9	12.391	-50.326	63.563	40.385	73.633	5.9121	1.7759
150	0.5960	34.234	20.012	26.763	2.2637	4.7	15.58	47.7	-44.645	9.4988	84.86	7.9514e-016	-2.5179e-015	92.081	-13.178	650.87	561.04	699.17	11.522	93.374	-1.0248	-9.2079	524.24	706.44	14.002	518.37	785.84	112.65	893.11	699.16	106.04	545.53	754.33	93.466	571.34	708.31	62.407	569.99	777.48	113.59	544	780.14	137.99	588.02	687.28	11.947	-53.287	61.572	42.237	73.633	5.9121	1.7759
151	0.6000	33.985	23.143	30.312	1.7987	7.1762	12.341	43.594	-46.838	7.151	85.82	1.8553e-015	-1.3252e-015	95.698	-15.531	653.71	560.14	697	10.856	93.25	-0.64683	-11.37	524.03	705.17	15.089	528.39	782.86	112.3	903.36	696.74	105.41	553.73	749.7	92.368	573.89	702.1	60.186	579.65	772.55	112.89	554.18	776.2	137.03	586.31	683.37	11.649	-57.095	60.584	44.687	73.633	5.9121	1.7759
152	0.6040	31.745	26.837	36.042	-0.21539	10.553	9.3587	39.664	-50.027	5.9289	85.352	5.3009e-016	2.6505e-016	101.14	-15.855	665.67	560.03	695.37	10.192	93.856	-0.52411	-13.906	524.5	703.51	16.49	538.58	780.45	111.96	913.55	694.31	104.68	562.48	746.14	91.677	576.39	696.68	58.624	589.34	767.89	112.44	564.19	772.4	136.43	585.9	681.59	11.632	-61.746	60.669	48.68	73.633	5.9121	1.7759
153	0.6080	29.658	30.577	41.654	-3.1959	14.119	6.835	35.606	-53.01	5.9916	84.537	-5.3009e-016	1.0602e-015	106.2	-14.811	678.22	560.36	694.77	9.8584	95.188	-0.76166	-17.179	525.24	702.62	18.07	549.09	778.8	111.44	923.37	691.45	104.06	571.55	742.78	90.965	578.97	692.12	56.769	599.04	763.36	112.14	574.13	768.72	136.19	586.19	681.43	11.726	-66.258	60.982	54.138	73.633	5.9121	1.7759
154	0.6120	27.851	33.258	46.031	-5.4904	17.867	3.853	30.248	-54.499	4.812	83.885	2.6505e-016	1.3252e-015	110.13	-13.481	687.13	560.78	694.86	9.665	95.616	-0.89763	-20.276	526.19	702.89	20.029	559.66	777.23	110.98	932.7	687.89	103.76	580.54	739.16	90.184	581.51	688.39	54.775	608.77	759.09	111.8	584.25	765.54	136.08	586.29	681.64	11.372	-70.549	60.224	59.449	73.633	5.9121	1.7759
155	0.6160	25.978	34.411	49.282	-5.7951	21.317	-0.037404	22.286	-54.493	-0.57212	83.107	1.3252e-015	1.5903e-015	113.3	-11.475	694.61	561.17	695.13	9.5905	94.118	-0.40594	-21.672	527.52	703.8	22.428	569.73	774.46	111.07	941.71	683.87	103.78	589.21	735.5	89.562	583.92	685.4	53.28	618.48	755.09	111.44	594.48	762.68	136.02	586.2	681.98	10.697	-75.559	58.06	63.193	73.633	5.9121	1.7759
156	0.6200	23.665	34.046	52.07	-4.8982	24.997	-3.1056	13.316	-54.499	-7.8872	81.837	1.0602e-015	2.6505e-016	116.99	-8.7752	702.29	561.64	695.48	9.5825	92.455	0.44256	-21.928	529.37	704.66	25.233	579.41	770.89	111.6	951.13	680.62	103.69	597.61	731.9	89.246	586.41	683.05	52.577	628.19	751.26	111.19	604.55	759.61	136.05	586.25	682.73	10.122	-81.095	56.242	66.225	73.633	5.9121	1.7759
157	0.6240	20.942	32.353	54.564	-4.4094	30	-4.008	5.8873	-55.475	-12.938	80.099	2.6505e-016	-1.3252e-015	121.77	-6.6467	708.47	562.24	695.89	9.5788	92.006	0.93284	-22.934	531.88	705.21	28.378	589.17	767.75	112.07	961.01	679.01	102.97	606.05	728.49	89.16	589.37	681.22	52.536	637.73	747.19	111.21	614.35	756.14	136.2	586.32	683.52	9.7467	-85.897	56.015	69.918	73.633	5.9121	1.7759
158	0.6280	18.196	29.529	56.342	-5.3132	36.46	-3.5897	1.0264	-56.43	-14.204	78.173	0	-5.3009e-016	127.61	-5.9334	712.13	562.99	696.25	9.6548	92.106	0.86825	-25.404	535.15	705.46	31.784	599.26	765.52	112.28	971.04	678.13	101.87	614.68	725.3	89.205	593.09	679.75	52.95	647.03	742.81	111.48	624.06	752.72	136.34	586.3	683.82	9.6081	-89.325	56.543	74.567	73.633	5.9121	1.7759
159	0.6320	15.645	25.817	57.171	-8.5408	43.081	-5.4805	-2.3699	-54.979	-13.88	76.346	-2.6505e-016	1.5903e-015	134.18	-7.1255	713.14	563.94	696.53	9.8945	90.182	0.74003	-28.104	539.2	705.53	35.327	609.34	763.29	112.58	981.22	676.11	101.35	623.4	722.24	89.397	597.58	678.46	53.706	656.1	738.3	111.89	633.99	749.99	136.39	586.16	683.33	9.7395	-92.035	55.162	79.241	73.633	5.9121	1.7759
160	0.6360	13.108	21.453	57.365	-11.456	49.232	-8.3782	-6.1526	-52.125	-14.856	74.675	-7.9514e-016	2.3854e-015	140.31	-8.3409	713.37	565.1	696.68	10.355	86.872	0.90527	-29.75	543.93	705.32	38.923	619.13	760.35	113.18	991.06	671.71	102.07	632.14	719.3	89.77	602.74	677.19	54.8	665.14	734.03	112.35	643.97	747.58	136.54	586.07	682.89	9.8233	-94.824	52.577	82.987	73.633	5.9121	1.7759
161	0.6400	10.313	16.62	57.248	-9.7611	55.852	-6.8269	-11.053	-51.165	-17.746	72.949	-9.2766e-016	1.0602e-015	144.63	-6.9088	715.07	566.44	696.64	11.057	85.591	1.1849	-30.331	549.24	704.77	42.474	628.89	757.39	113.85	1000.5	666.04	103.45	640.97	716.47	90.295	608.43	675.92	56.204	674.54	730.66	112.75	653.69	744.93	137	586.23	683.67	9.4463	-97.912	52.195	85.873	73.633	5.9121	1.7759
162	0.6440	7.2486	11.452	56.458	-1.9337	63.397	1.4713	-16.514	-52.439	-21.359	70.847	-5.3009e-016	2.6505e-016	146.61	-2.5704	718.34	567.91	696.31	12.02	86.88	1.2957	-30.38	555.07	703.9	45.817	638.75	754.81	114.42	1009.9	661.14	104.45	649.95	713.68	90.975	614.67	674.83	57.806	684.29	728.1	113.23	663.13	741.96	137.74	586.51	685.52	8.5979	-101.26	54.368	88.571	73.633	5.9121	1.7759
163	0.6480	3.8543	6.0755	54.586	12.911	70.976	17.048	-21.684	-53.54	-24.496	68.128	-3.3131e-016	1.3252e-015	146.72	3.2516	722.27	569.46	695.5	13.272	88.47	1.2509	-30.155	561.34	702.65	48.852	648.63	752.36	115.02	1019.6	657.25	104.97	659.03	710.77	91.883	621.49	673.99	59.527	694.17	725.89	113.87	672.6	739.14	138.56	586.67	687.44	7.6435	-104.92	56.624	91.621	73.633	5.9121	1.7759
164	0.6520	0.20576	0.6059	51.815	30.471	77.804	35.368	-25.577	-52.272	-25.884	64.954	-9.9392e-016	3.9757e-015	146.05	8.944	726.1	571.06	694.3	14.724	87.949	1.0412	-30.26	567.88	701.14	51.646	658.48	749.82	115.72	1029.9	653.98	105.32	668.13	707.72	92.98	628.68	673.34	61.3	703.87	723.33	114.76	682.38	736.87	139.26	586.57	688.77	6.8768	-108.5	56.57	95.303	73.633	5.9121	1.7759
165	0.6560	-4.35	-4.9194	48.425	63.596	83.161	69.994	-28.454	-49.683	-25.637	60.982	-2.3854e-015	0	145.32	14.724	729.97	572.63	692.09	16.55	86.332	0.65104	-30.726	574.59	698.5	54.256	668.33	747.14	116.57	1038.7	647.78	105.84	677.22	704.24	94.544	636.2	672.45	63.336	713.4	720.35	115.97	692.09	734.79	140.05	586.45	688.84	6.747	-112.01	55.329	99.765	73.633	5.9121	1.7759
